Nucleotide	Sequence	Modified_mutations	Modified_read_depth	Modified_effective_depth	Modified_rate	Modified_off_target_mapped_depth	Modified_low_mapq_mapped_depth	Modified_mapped_depth	Untreated_mutations	Untreated_read_depth	Untreated_effective_depth	Untreated_rate	Untreated_off_target_mapped_depth	Untreated_low_mapq_mapped_depth	Untreated_mapped_depth	Denatured_mutations	Denatured_read_depth	Denatured_effective_depth	Denatured_rate	Denatured_off_target_mapped_depth	Denatured_low_mapq_mapped_depth	Denatured_mapped_depth	Reactivity_profile	Std_err	HQ_profile	HQ_stderr	Norm_profile	Norm_stderr
1	A	0	341783	331997	0.000000	0	0	341783	0	448798	436283	0.000000	0	3	448798	0	0	0	nan	0	0	0	0.000000	0.000000	0.000000	0.000000	0.000000	0.000000
2	G	0	342643	329966	0.000000	0	0	342643	0	449914	433710	0.000000	0	3	449914	0	0	0	nan	0	0	0	0.000000	0.000000	0.000000	0.000000	0.000000	0.000000
3	U	96	342911	332318	0.000289	0	0	342911	116	450253	436706	0.000266	0	3	450253	0	0	0	nan	0	0	0	0.000023	0.000038	0.000023	0.000038	0.008321	0.013749
4	U	112	343199	331363	0.000338	0	0	343199	140	450634	435582	0.000321	0	3	450634	0	0	0	nan	0	0	0	0.000017	0.000042	0.000017	0.000042	0.006151	0.015196
5	A	132	343226	329604	0.000400	0	0	343226	181	450664	433247	0.000418	0	3	450664	0	0	0	nan	0	0	0	-0.000017	0.000047	-0.000017	0.000047	-0.006151	0.017005
6	G	321	343453	325806	0.000985	0	0	343453	387	450927	428209	0.000904	0	3	450927	0	0	0	nan	0	0	0	0.000081	0.000072	0.000081	0.000072	0.029306	0.026050
7	G	170	343461	327971	0.000518	0	0	343461	226	450945	430800	0.000525	0	3	450945	0	0	0	nan	0	0	0	-0.000006	0.000053	-0.000006	0.000053	-0.002171	0.019176
8	A	280	343472	325183	0.000861	0	1	343472	353	450952	427127	0.000826	0	3	450952	0	0	0	nan	0	0	0	0.000035	0.000068	0.000035	0.000068	0.012663	0.024603
9	U	198	343482	315834	0.000627	0	1	343482	279	450967	414607	0.000673	0	3	450967	0	0	0	nan	0	0	0	-0.000046	0.000060	-0.000046	0.000060	-0.016643	0.021708
10	A	326	343485	315529	0.001033	0	1	343485	380	450971	414175	0.000917	0	3	450971	0	0	0	nan	0	0	0	0.000116	0.000074	0.000116	0.000074	0.041969	0.026773
11	G	319	343486	317427	0.001005	0	1	343486	362	450972	416603	0.000869	0	3	450972	0	0	0	nan	0	0	0	0.000136	0.000072	0.000136	0.000072	0.049205	0.026050
12	A	434	343488	330201	0.001314	0	1	343488	583	450978	433486	0.001345	0	3	450978	0	0	0	nan	0	0	0	-0.000031	0.000084	-0.000031	0.000084	-0.011216	0.030392
13	G	272	343489	331612	0.000820	0	1	343489	380	450978	435450	0.000873	0	3	450978	0	0	0	nan	0	0	0	-0.000052	0.000067	-0.000052	0.000067	-0.018814	0.024241
14	U	282	343491	332427	0.000848	0	1	343491	395	450981	436616	0.000905	0	3	450981	0	0	0	nan	0	0	0	-0.000056	0.000068	-0.000056	0.000068	-0.020261	0.024603
15	C	769	343492	334184	0.002301	0	1	343492	1067	450982	438852	0.002431	0	3	450982	0	0	0	nan	0	0	0	-0.000130	0.000111	-0.000130	0.000111	-0.047035	0.040160
16	A	573	343492	335034	0.001710	0	1	343492	819	450982	440067	0.001861	0	3	450982	0	0	0	nan	0	0	0	-0.000151	0.000097	-0.000151	0.000097	-0.054632	0.035095
17	U	320	343494	337612	0.000948	0	1	343494	431	450985	443447	0.000972	0	3	450985	0	0	0	nan	0	0	0	-0.000024	0.000071	-0.000024	0.000071	-0.008683	0.025688
18	A	742	343495	294238	0.002522	0	1	343495	1048	450989	387253	0.002706	0	3	450989	0	0	0	nan	0	0	0	-0.000184	0.000125	-0.000184	0.000125	-0.066572	0.045225
19	A	141	343495	293209	0.000481	0	1	343495	149	450989	386069	0.000386	0	3	450989	0	0	0	nan	0	0	0	0.000095	0.000051	0.000095	0.000051	0.034371	0.018452
20	C	359	343496	292913	0.001226	0	1	343496	518	450989	385641	0.001343	0	3	450989	0	0	0	nan	0	0	0	-0.000118	0.000088	-0.000118	0.000088	-0.042693	0.031839
21	A	486	343496	322479	0.001507	0	1	343496	618	450990	423663	0.001459	0	3	450990	0	0	0	nan	0	0	0	0.000048	0.000090	0.000048	0.000090	0.017367	0.032562
22	A	95	343496	322026	0.000295	0	1	343496	117	450992	422907	0.000277	0	3	450992	0	0	0	nan	0	0	0	0.000018	0.000040	0.000018	0.000040	0.006512	0.014472
23	C	296	343496	316310	0.000936	0	1	343496	358	450992	415680	0.000861	0	3	450992	0	0	0	nan	0	0	0	0.000075	0.000071	0.000075	0.000071	0.027135	0.025688
24	A	274	343496	324454	0.000844	0	1	343496	325	450992	426028	0.000763	0	3	450992	0	0	0	nan	0	0	0	0.000082	0.000066	0.000082	0.000066	0.029668	0.023879
25	A	112	343496	321944	0.000348	0	1	343496	115	450991	422978	0.000272	0	3	450991	0	0	0	nan	0	0	0	0.000076	0.000042	0.000076	0.000042	0.027497	0.015196
26	G	245	343439	325081	0.000754	0	1	343439	292	450937	427177	0.000684	0	3	450937	0	0	0	nan	0	0	0	0.000070	0.000063	0.000070	0.000063	0.025326	0.022794
27	U	89	343430	308698	0.000288	0	1	343430	102	450920	405290	0.000252	0	3	450920	0	0	0	nan	0	0	0	0.000037	0.000039	0.000037	0.000039	0.013387	0.014110
28	A	347	343371	310738	0.001117	0	1	343371	422	450843	407930	0.001034	0	3	450843	0	0	0	nan	0	0	0	0.000082	0.000078	0.000082	0.000078	0.029668	0.028221
29	C	921	343369	306302	0.003007	0	1	343369	601	450835	402246	0.001494	0	3	450835	0	0	0	nan	0	0	0	0.001513	0.000116	0.001513	0.000116	0.547409	0.041969
30	C	181	343351	323236	0.000560	0	1	343351	322	450807	425143	0.000757	0	3	450807	0	0	0	nan	0	0	0	-0.000197	0.000059	-0.000197	0.000059	-0.071275	0.021346
31	C	295	343349	323390	0.000912	0	1	343349	465	450795	425333	0.001093	0	3	450795	0	0	0	nan	0	0	0	-0.000181	0.000073	-0.000181	0.000073	-0.065486	0.026412
32	U	3233	343336	331791	0.009744	0	1	343336	4426	450779	436420	0.010142	0	3	450779	0	0	0	nan	0	0	0	-0.000398	0.000229	-0.000398	0.000229	-0.143998	0.082853
33	C	372	343331	328153	0.001134	0	1	343331	481	450763	431395	0.001115	0	3	450763	0	0	0	nan	0	0	0	0.000019	0.000078	0.000019	0.000078	0.006874	0.028221
34	C	488	343315	328640	0.001485	0	1	343315	443	450697	432477	0.001024	0	2	450697	0	0	0	nan	0	0	0	0.000461	0.000083	0.000461	0.000083	0.166792	0.030030
35	A	336	343295	305700	0.001099	0	1	343295	453	450672	405675	0.001117	0	2	450672	0	0	0	nan	0	0	0	-0.000018	0.000080	-0.000018	0.000080	-0.006512	0.028944
36	A	143	343227	299271	0.000478	0	1	343227	176	450559	397674	0.000443	0	2	450559	0	0	0	nan	0	0	0	0.000035	0.000052	0.000035	0.000052	0.012663	0.018814
37	G	4752	343185	298525	0.015918	0	1	343185	1572	450491	392580	0.004004	0	2	450491	0	0	0	nan	0	0	0	0.011914	0.000252	0.011914	0.000252	4.310531	0.091175
38	C	854	343147	304919	0.002801	0	1	343147	1275	450428	400992	0.003180	0	2	450428	0	0	0	nan	0	0	0	-0.000379	0.000131	-0.000379	0.000131	-0.137124	0.047396
39	C	458	343101	300518	0.001524	0	1	343101	653	450368	395406	0.001651	0	2	450368	0	0	0	nan	0	0	0	-0.000127	0.000096	-0.000127	0.000096	-0.045949	0.034733
40	C	262	343078	302378	0.000866	0	1	343078	384	450319	397863	0.000965	0	2	450319	0	0	0	nan	0	0	0	-0.000099	0.000073	-0.000099	0.000073	-0.035819	0.026412
41	U	175	343069	306630	0.000571	0	1	343069	220	450295	403584	0.000545	0	2	450295	0	0	0	nan	0	0	0	0.000026	0.000057	0.000026	0.000057	0.009407	0.020623
42	A	274	342989	314158	0.000872	0	1	342989	378	450166	412866	0.000916	0	1	450166	0	0	0	nan	0	0	0	-0.000043	0.000071	-0.000043	0.000071	-0.015558	0.025688
43	C	249	342957	315081	0.000790	0	1	342957	373	450114	413918	0.000901	0	1	450114	0	0	0	nan	0	0	0	-0.000111	0.000068	-0.000111	0.000068	-0.040160	0.024603
44	A	300	342915	321520	0.000933	0	1	342915	367	450053	422335	0.000869	0	1	450053	0	0	0	nan	0	0	0	0.000064	0.000070	0.000064	0.000070	0.023155	0.025326
45	G	1298	342739	321417	0.004038	0	1	342739	1660	449829	422088	0.003933	0	1	449829	0	0	0	nan	0	0	0	0.000106	0.000148	0.000106	0.000148	0.038351	0.053547
46	G	1380	342666	300192	0.004597	0	1	342666	2002	449703	394780	0.005071	0	1	449703	0	0	0	nan	0	0	0	-0.000474	0.000168	-0.000474	0.000168	-0.171495	0.060783
47	U	309	342535	290047	0.001065	0	0	342535	431	449503	381495	0.001130	0	1	449503	0	0	0	nan	0	0	0	-0.000064	0.000081	-0.000064	0.000081	-0.023155	0.029306
48	U	368	342458	288265	0.001277	0	0	342458	359	449393	379006	0.000947	0	1	449393	0	0	0	nan	0	0	0	0.000329	0.000083	0.000329	0.000083	0.119033	0.030030
49	G	526	342422	301654	0.001744	0	0	342422	643	449353	396035	0.001624	0	1	449353	0	0	0	nan	0	0	0	0.000120	0.000099	0.000120	0.000099	0.043416	0.035819
50	G	491	342355	301252	0.001630	0	0	342355	842	449229	395878	0.002127	0	1	449229	0	0	0	nan	0	0	0	-0.000497	0.000104	-0.000497	0.000104	-0.179817	0.037628
51	A	630	342278	282159	0.002233	0	0	342278	473	449135	370283	0.001277	0	1	449135	0	0	0	nan	0	0	0	0.000955	0.000107	0.000955	0.000107	0.345523	0.038713
52	A	297	342230	286925	0.001035	0	0	342230	325	449040	376421	0.000863	0	0	449040	0	0	0	nan	0	0	0	0.000172	0.000077	0.000172	0.000077	0.062230	0.027859
53	G	475	342182	284494	0.001670	0	0	342182	613	448960	373907	0.001639	0	0	448960	0	0	0	nan	0	0	0	0.000030	0.000101	0.000030	0.000101	0.010854	0.036542
54	A	914	341794	303193	0.003015	0	0	341794	936	448456	398529	0.002349	0	0	448456	0	0	0	nan	0	0	0	0.000666	0.000126	0.000666	0.000126	0.240961	0.045587
55	G	1511	341323	288689	0.005234	0	0	341323	2279	447892	379754	0.006001	0	0	447892	0	0	0	nan	0	0	0	-0.000767	0.000184	-0.000767	0.000184	-0.277504	0.066572
56	G	597	341094	293985	0.002031	0	0	341094	950	447364	386118	0.002460	0	0	447364	0	0	0	nan	0	0	0	-0.000430	0.000115	-0.000430	0.000115	-0.155576	0.041607
57	G	1462	340947	281290	0.005197	0	0	340947	2652	447108	369651	0.007174	0	0	447108	0	0	0	nan	0	0	0	-0.001977	0.000195	-0.001977	0.000195	-0.715286	0.070552
58	G	953	340857	286952	0.003321	0	0	340857	1733	446779	377425	0.004592	0	0	446779	0	0	0	nan	0	0	0	-0.001271	0.000154	-0.001271	0.000154	-0.459853	0.055718
59	G	2624	340793	293848	0.008930	0	0	340793	4995	446688	386320	0.012930	0	0	446688	0	0	0	nan	0	0	0	-0.004000	0.000253	-0.004000	0.000253	-1.447215	0.091536
60	C	751	340681	294862	0.002547	0	0	340681	1017	446192	388075	0.002621	0	0	446192	0	0	0	nan	0	0	0	-0.000074	0.000124	-0.000074	0.000124	-0.026773	0.044864
61	U	4201	340638	294246	0.014277	0	0	340638	437	446150	394149	0.001109	0	0	446150	0	0	0	nan	0	0	0	0.013168	0.000227	0.013168	0.000227	4.764233	0.082129
62	A	7423	340567	300589	0.024695	0	0	340567	488	445733	396371	0.001231	0	0	445733	0	0	0	nan	0	0	0	0.023464	0.000292	0.023464	0.000292	8.489366	0.105647
63	U	3886	340467	309302	0.012564	0	0	340467	769	445617	407033	0.001889	0	0	445617	0	0	0	nan	0	0	0	0.010674	0.000213	0.010674	0.000213	3.861894	0.077064
64	C	717	340415	310432	0.002310	0	0	340415	622	445530	408371	0.001523	0	0	445530	0	0	0	nan	0	0	0	0.000787	0.000106	0.000787	0.000106	0.284740	0.038351
65	A	238	340352	309355	0.000769	0	0	340352	372	445426	406792	0.000914	0	0	445426	0	0	0	nan	0	0	0	-0.000145	0.000069	-0.000145	0.000069	-0.052462	0.024964
66	G	520	340223	307390	0.001692	0	0	340223	572	445257	404868	0.001413	0	0	445257	0	0	0	nan	0	0	0	0.000279	0.000095	0.000279	0.000095	0.100943	0.034371
67	U	2264	339968	302404	0.007487	0	0	339968	3689	444930	397152	0.009289	0	0	444930	0	0	0	nan	0	0	0	-0.001802	0.000219	-0.001802	0.000219	-0.651971	0.079235
68	C	410	339767	292940	0.001400	0	0	339767	592	444696	385136	0.001537	0	0	444696	0	0	0	nan	0	0	0	-0.000138	0.000094	-0.000138	0.000094	-0.049929	0.034010
69	C	1594	339700	286632	0.005561	0	0	339700	2361	444597	375631	0.006285	0	0	444597	0	0	0	nan	0	0	0	-0.000724	0.000190	-0.000724	0.000190	-0.261946	0.068743
70	U	650	339527	285232	0.002279	0	0	339527	898	444401	373777	0.002403	0	0	444401	0	0	0	nan	0	0	0	-0.000124	0.000120	-0.000124	0.000120	-0.044864	0.043416
71	G	797	339111	286415	0.002783	0	0	339111	1048	443806	374516	0.002798	0	0	443806	0	0	0	nan	0	0	0	-0.000016	0.000131	-0.000016	0.000131	-0.005789	0.047396
72	U	211	339017	296424	0.000712	0	0	339017	295	443702	387329	0.000762	0	0	443702	0	0	0	nan	0	0	0	-0.000050	0.000066	-0.000050	0.000066	-0.018090	0.023879
73	A	724	338995	303067	0.002389	0	0	338995	898	443620	395699	0.002269	0	0	443620	0	0	0	nan	0	0	0	0.000120	0.000117	0.000120	0.000117	0.043416	0.042331
74	G	668	338914	280358	0.002383	0	0	338914	915	443498	365156	0.002506	0	0	443498	0	0	0	nan	0	0	0	-0.000123	0.000124	-0.000123	0.000124	-0.044502	0.044864
75	G	3213	338874	272763	0.011779	0	0	338874	5255	443462	357309	0.014707	0	0	443462	0	0	0	nan	0	0	0	-0.002928	0.000290	-0.002928	0.000290	-1.059362	0.104923
76	C	330	338774	274449	0.001202	0	0	338774	481	443310	360343	0.001335	0	0	443310	0	0	0	nan	0	0	0	-0.000132	0.000090	-0.000132	0.000090	-0.047758	0.032562
77	A	325	338608	301642	0.001077	0	0	338608	338	443112	396083	0.000853	0	0	443112	0	0	0	nan	0	0	0	0.000224	0.000076	0.000224	0.000076	0.081044	0.027497
78	G	362	338323	300965	0.001203	0	0	338323	522	441469	396209	0.001317	0	0	441469	0	0	0	nan	0	0	0	-0.000115	0.000086	-0.000115	0.000086	-0.041607	0.031115
79	A	343	338129	296805	0.001156	0	0	338129	1033	441278	390258	0.002647	0	0	441278	0	0	0	nan	0	0	0	-0.001491	0.000103	-0.001491	0.000103	-0.539450	0.037266
80	C	360	338036	289443	0.001244	0	0	338036	498	441169	380351	0.001309	0	0	441169	0	0	0	nan	0	0	0	-0.000066	0.000088	-0.000066	0.000088	-0.023879	0.031839
81	U	965	337626	282783	0.003413	0	0	337626	1058	440647	368521	0.002871	0	0	440647	0	0	0	nan	0	0	0	0.000542	0.000141	0.000542	0.000141	0.196098	0.051014
82	C	424	337284	274080	0.001547	0	0	337284	559	440201	358245	0.001560	0	0	440201	0	0	0	nan	0	0	0	-0.000013	0.000100	-0.000013	0.000100	-0.004703	0.036180
83	G	3209	336734	273565	0.011730	0	0	336734	1746	439497	357258	0.004887	0	0	439497	0	0	0	nan	0	0	0	0.006843	0.000238	0.006843	0.000238	2.475824	0.086109
84	C	952	336104	281194	0.003386	0	0	336104	547	438044	368819	0.001483	0	0	438044	0	0	0	nan	0	0	0	0.001902	0.000127	0.001902	0.000127	0.688151	0.045949
85	G	3723	335872	288868	0.012888	0	0	335872	1117	437726	379002	0.002947	0	0	437726	0	0	0	nan	0	0	0	0.009941	0.000229	0.009941	0.000229	3.596692	0.082853
86	U	2664	335816	284168	0.009375	0	0	335816	4250	437668	372594	0.011407	0	0	437668	0	0	0	nan	0	0	0	-0.002032	0.000252	-0.002032	0.000252	-0.735185	0.091175
87	C	1076	335777	277363	0.003879	0	0	335777	404	437593	362100	0.001116	0	0	437593	0	0	0	nan	0	0	0	0.002764	0.000131	0.002764	0.000131	1.000026	0.047396
88	U	1837	335470	282597	0.006500	0	0	335470	1832	437253	368814	0.004967	0	0	437253	0	0	0	nan	0	0	0	0.001533	0.000191	0.001533	0.000191	0.554645	0.069105
89	C	1770	335291	291805	0.006066	0	0	335291	747	436993	381190	0.001960	0	0	436993	0	0	0	nan	0	0	0	0.004106	0.000161	0.004106	0.000161	1.485567	0.058250
90	C	1338	334616	284701	0.004700	0	0	334616	3780	436087	371987	0.010162	0	0	436087	0	0	0	nan	0	0	0	-0.005462	0.000209	-0.005462	0.000209	-1.976173	0.075617
91	U	469	332262	261295	0.001795	0	0	332262	469	433024	341771	0.001372	0	0	433024	0	0	0	nan	0	0	0	0.000423	0.000104	0.000423	0.000104	0.153043	0.037628
92	G	408	330688	250122	0.001631	0	0	330688	534	427730	328366	0.001626	0	0	427730	0	0	0	nan	0	0	0	0.000005	0.000107	0.000005	0.000107	0.001809	0.038713
93	G	797	330355	220993	0.003606	0	0	330355	1224	427325	287546	0.004257	0	0	427325	0	0	0	nan	0	0	0	-0.000650	0.000176	-0.000650	0.000176	-0.235173	0.063677
94	C	572	329936	226226	0.002528	0	0	329936	752	426693	291738	0.002578	0	0	426693	0	0	0	nan	0	0	0	-0.000049	0.000141	-0.000049	0.000141	-0.017728	0.051014
95	G	2359	329139	230785	0.010222	0	0	329139	3438	425646	297495	0.011556	0	0	425646	0	0	0	nan	0	0	0	-0.001335	0.000288	-0.001335	0.000288	-0.483008	0.104200
96	C	828	327629	206653	0.004007	0	0	327629	971	423659	264950	0.003665	0	0	423659	0	0	0	nan	0	0	0	0.000342	0.000182	0.000342	0.000182	0.123737	0.065848
97	C	242	325517	59108	0.004094	0	0	325517	322	420877	76849	0.004190	0	0	420877	0	0	0	nan	0	0	0	-0.000096	0.000352	-0.000096	0.000352	-0.034733	0.127355
98	A	579	324777	54079	0.010707	0	0	324777	353	420209	70669	0.004995	0	1	420209	0	0	0	nan	0	0	0	0.005711	0.000518	0.005711	0.000518	2.066262	0.187414
99	C	318	324118	57836	0.005498	0	0	324118	287	419415	76961	0.003729	0	1	419415	0	0	0	nan	0	0	0	0.001769	0.000379	0.001769	0.000379	0.640031	0.137124
100	C	591	323862	217946	0.002712	0	0	323862	667	419135	293933	0.002269	0	1	419135	0	0	0	nan	0	0	0	0.000442	0.000142	0.000442	0.000142	0.159917	0.051376
101	C	232	323399	245244	0.000946	0	0	323399	329	418632	329598	0.000998	0	1	418632	0	0	0	nan	0	0	0	-0.000052	0.000083	-0.000052	0.000083	-0.018814	0.030030
102	C	103	322847	62596	0.001645	0	0	322847	110	417997	82575	0.001332	0	1	417997	0	0	0	nan	0	0	0	0.000313	0.000206	0.000313	0.000206	0.113245	0.074532
103	A	1479	320793	67221	0.022002	0	0	320793	312	415521	88804	0.003513	0	1	415521	0	0	0	nan	0	0	0	0.018489	0.000606	0.018489	0.000606	6.689391	0.219253
104	C	246	320612	58079	0.004236	0	0	320612	90	415296	77148	0.001167	0	1	415296	0	0	0	nan	0	0	0	0.003069	0.000297	0.003069	0.000297	1.110376	0.107456
105	U	828	319546	223828	0.003699	0	0	319546	364	414161	300360	0.001212	0	1	414161	0	0	0	nan	0	0	0	0.002487	0.000143	0.002487	0.000143	0.899806	0.051738
106	C	496	319441	217184	0.002284	0	0	319441	258	414075	290110	0.000889	0	3	414075	0	0	0	nan	0	0	0	0.001394	0.000117	0.001394	0.000117	0.504355	0.042331
107	G	1510	316231	144723	0.010434	0	0	316231	435	409883	192646	0.002258	0	3	409883	0	0	0	nan	0	0	0	0.008176	0.000290	0.008176	0.000290	2.958108	0.104923
108	A	1181	314885	73718	0.016021	0	0	314885	145	408350	94666	0.001532	0	3	408350	0	0	0	nan	0	0	0	0.014489	0.000483	0.014489	0.000483	5.242176	0.174751
109	A	1897	314457	77284	0.024546	0	0	314457	153	407841	96958	0.001578	0	4	407841	0	0	0	nan	0	0	0	0.022968	0.000578	0.022968	0.000578	8.309911	0.209123
110	C	388	314105	105475	0.003679	0	0	314105	290	407365	134660	0.002154	0	6	407365	0	0	0	nan	0	0	0	0.001525	0.000226	0.001525	0.000226	0.551751	0.081768
111	U	3965	312653	240674	0.016475	0	0	312653	1708	405611	318843	0.005357	0	6	405611	0	0	0	nan	0	0	0	0.011118	0.000292	0.011118	0.000292	4.022535	0.105647
112	C	2700	312024	192059	0.014058	0	0	312024	3167	404969	262902	0.012046	0	6	404969	0	0	0	nan	0	0	0	0.002012	0.000345	0.002012	0.000345	0.727949	0.124822
113	U	2136	309579	173143	0.012337	0	0	309579	336	402075	236044	0.001423	0	6	402075	0	0	0	nan	0	0	0	0.010913	0.000278	0.010913	0.000278	3.948365	0.100581
114	U	1013	308853	163834	0.006183	0	0	308853	307	401149	223152	0.001376	0	7	401149	0	0	0	nan	0	0	0	0.004807	0.000210	0.004807	0.000210	1.739191	0.075979
115	G	452	308006	196235	0.002303	0	0	308006	597	400078	259943	0.002297	0	7	400078	0	0	0	nan	0	0	0	0.000007	0.000143	0.000007	0.000143	0.002533	0.051738
116	G	692	307531	237187	0.002918	0	0	307531	983	399488	311083	0.003160	0	7	399488	0	0	0	nan	0	0	0	-0.000242	0.000150	-0.000242	0.000150	-0.087557	0.054271
117	G	918	306964	221337	0.004148	0	0	306964	1239	398632	288801	0.004290	0	7	398632	0	0	0	nan	0	0	0	-0.000143	0.000183	-0.000143	0.000183	-0.051738	0.066210
118	U	576	306450	219823	0.002620	0	0	306450	735	397943	285572	0.002574	0	7	397943	0	0	0	nan	0	0	0	0.000047	0.000145	0.000047	0.000145	0.017005	0.052462
119	G	523	305573	225415	0.002320	0	0	305573	785	396777	293038	0.002679	0	7	396777	0	0	0	nan	0	0	0	-0.000359	0.000139	-0.000359	0.000139	-0.129888	0.050291
120	G	148	304795	119200	0.001242	0	0	304795	205	395998	149182	0.001374	0	7	395998	0	0	0	nan	0	0	0	-0.000133	0.000140	-0.000133	0.000140	-0.048120	0.050653
121	A	570	301763	113709	0.005013	0	0	301763	278	392651	148390	0.001873	0	7	392651	0	0	0	nan	0	0	0	0.003139	0.000238	0.003139	0.000238	1.135702	0.086109
122	C	682	301349	68290	0.009987	0	0	301349	582	392275	89405	0.006510	0	7	392275	0	0	0	nan	0	0	0	0.003477	0.000468	0.003477	0.000468	1.257992	0.169324
123	A	3219	300154	118635	0.027134	0	0	300154	282	390725	158809	0.001776	0	7	390725	0	0	0	nan	0	0	0	0.025358	0.000490	0.025358	0.000490	9.174622	0.177284
124	U	650	299932	113621	0.005721	0	0	299932	167	390450	147984	0.001129	0	7	390450	0	0	0	nan	0	0	0	0.004592	0.000241	0.004592	0.000241	1.661403	0.087195
125	C	256	299348	205033	0.001249	0	0	299348	253	389646	271594	0.000932	0	7	389646	0	0	0	nan	0	0	0	0.000317	0.000098	0.000317	0.000098	0.114692	0.035457
126	G	580	299124	190920	0.003038	0	0	299124	773	389353	252719	0.003059	0	7	389353	0	0	0	nan	0	0	0	-0.000021	0.000167	-0.000021	0.000167	-0.007598	0.060421
127	C	265	298958	194024	0.001366	0	0	298958	386	389165	260467	0.001482	0	7	389165	0	0	0	nan	0	0	0	-0.000116	0.000113	-0.000116	0.000113	-0.041969	0.040884
128	C	211	298627	183006	0.001153	0	0	298627	383	388726	245991	0.001557	0	7	388726	0	0	0	nan	0	0	0	-0.000404	0.000112	-0.000404	0.000112	-0.146169	0.040522
129	A	8297	296739	189702	0.043737	0	0	296739	8459	386081	252204	0.033540	0	7	386081	0	0	0	nan	0	0	0	0.010197	0.000603	0.010197	0.000603	3.689314	0.218168
130	G	65	295602	166492	0.000390	0	0	295602	60	384544	219321	0.000274	0	7	384544	0	0	0	nan	0	0	0	0.000117	0.000060	0.000117	0.000060	0.042331	0.021708
131	U	516	294702	182982	0.002820	0	0	294702	635	383343	241272	0.002632	0	7	383343	0	0	0	nan	0	0	0	0.000188	0.000162	0.000188	0.000162	0.068019	0.058612
132	C	158	293983	140160	0.001127	0	0	293983	231	382411	176399	0.001310	0	7	382411	0	0	0	nan	0	0	0	-0.000182	0.000124	-0.000182	0.000124	-0.065848	0.044864
133	U	85	292985	112611	0.000755	0	0	292985	93	381102	130661	0.000712	0	7	381102	0	0	0	nan	0	0	0	0.000043	0.000110	0.000043	0.000110	0.015558	0.039798
134	C	71	290875	88396	0.000803	0	0	290875	70	378100	96697	0.000724	0	7	378100	0	0	0	nan	0	0	0	0.000079	0.000129	0.000079	0.000129	0.028583	0.046673
135	G	42	286468	60329	0.000696	0	0	286468	33	371990	73963	0.000446	0	7	371990	0	0	0	nan	0	0	0	0.000250	0.000133	0.000250	0.000133	0.090451	0.048120
136	U	36	284752	72560	0.000496	0	0	284752	52	369715	93768	0.000555	0	7	369715	0	0	0	nan	0	0	0	-0.000058	0.000113	-0.000058	0.000113	-0.020985	0.040884
137	A	32	282836	66574	0.000481	0	0	282836	37	367240	90564	0.000409	0	7	367240	0	0	0	nan	0	0	0	0.000072	0.000108	0.000072	0.000108	0.026050	0.039075
138	U	108	280698	79792	0.001354	0	0	280698	132	364250	101276	0.001303	0	7	364250	0	0	0	nan	0	0	0	0.000050	0.000173	0.000050	0.000173	0.018090	0.062592
139	A	104	280063	79888	0.001302	0	0	280063	114	363528	102147	0.001116	0	7	363528	0	0	0	nan	0	0	0	0.000186	0.000165	0.000186	0.000165	0.067296	0.059698
140	C	73	279198	61673	0.001184	0	0	279198	87	362550	78938	0.001102	0	7	362550	0	0	0	nan	0	0	0	0.000082	0.000182	0.000082	0.000182	0.029668	0.065848
141	A	111	277476	86810	0.001279	0	0	277476	133	360687	118027	0.001127	0	7	360687	0	0	0	nan	0	0	0	0.000152	0.000156	0.000152	0.000156	0.054994	0.056441
142	C	164	275927	77915	0.002105	0	0	275927	209	358863	107405	0.001946	0	7	358863	0	0	0	nan	0	0	0	0.000159	0.000212	0.000159	0.000212	0.057527	0.076702
143	C	73	274480	155041	0.000471	0	0	274480	96	357106	211168	0.000455	0	7	357106	0	0	0	nan	0	0	0	0.000016	0.000072	0.000016	0.000072	0.005789	0.026050
144	G	338	273754	130388	0.002592	0	0	273754	417	356335	177546	0.002349	0	7	356335	0	0	0	nan	0	0	0	0.000244	0.000182	0.000244	0.000182	0.088280	0.065848
145	G	19	273440	121689	0.000156	0	0	273440	31	355978	165263	0.000188	0	7	355978	0	0	0	nan	0	0	0	-0.000031	0.000049	-0.000031	0.000049	-0.011216	0.017728
146	G	63	273352	149932	0.000420	0	0	273352	66	355869	202893	0.000325	0	7	355869	0	0	0	nan	0	0	0	0.000095	0.000066	0.000095	0.000066	0.034371	0.023879
147	G	41	273102	191225	0.000214	0	0	273102	44	355569	256291	0.000172	0	7	355569	0	0	0	nan	0	0	0	0.000043	0.000042	0.000043	0.000042	0.015558	0.015196
148	A	35	271707	222232	0.000157	0	0	271707	57	354244	294471	0.000194	0	7	354244	0	0	0	nan	0	0	0	-0.000036	0.000037	-0.000036	0.000037	-0.013025	0.013387
149	G	40	270939	216908	0.000184	0	0	270939	58	353389	289052	0.000201	0	6	353389	0	0	0	nan	0	0	0	-0.000016	0.000039	-0.000016	0.000039	-0.005789	0.014110
150	A	0	255203	0	nan	0	0	255203	0	335346	0	nan	0	6	335346	0	0	0	nan	0	0	0	nan	nan	nan	nan	nan	nan