0.029668
0.027497
0.025326
0.013387
0.029668
0.547409
-0.071275
-0.065486
-0.143998
0.006874
0.166792
-0.006512
0.012663
4.310531
-0.137124
-0.045949
-0.035819
0.009407
-0.015558
-0.04016
0.023155
0.038351
-0.171495
-0.023155
0.119033
0.043416
-0.179817
0.345523
0.06223
0.010854
0.240961
-0.277504
-0.155576
-0.715286
-0.459853
-1.447215
-0.026773
4.764233
8.489366
3.861894
0.28474
-0.052462
0.100943
-0.651971
-0.049929
-0.261946
-0.044864
-0.005789
-0.01809
0.043416
-0.044502
-1.059362
-0.047758
0.081044
